Run started at 12:08:08

Centralized Learning accuracies:
0.0
0.8616666666666667
0.9002095337873232
0.8648333333333333
0.875
0.6535603715170278
0.914
0.8996428571428572
0.9236666666666666
0.8846428571428572
0.8116190476190476
0.8516190476190476
0.8648507071765322
0.86262323189027
0.26607142857142857
0.8917857142857143
0.8731428571428571
0.8742857142857143
0.8457142857142858
0.883095238095238
0.6220534311157674
0.8727142857142857
0.906986712387484
0.8962848297213623
0.8495238095238096
0.8724285714285714
0.7898571428571428
0.88
0.6633809523809524
0.7935714285714286
0.8608333333333333
0.7764680668666952
0.9009858551221603
0.49214248297537977
0.45128339444735466
0.9188056574122577
0.255
0.9007333682556312
0.9033333333333333
0.8166666666666667
0.8734285714285714
0.8872696099442777
0.8839285714285714
0.9126934984520124
0.2815238095238095
0.8678571428571429
0.824047619047619
0.5764285714285714
0.8919504643962848
0.8434285714285714
0.9135238095238095
0.8803333333333333
0.9086666666666666
0.8822857142857143
0.7513333333333333
0.736
0.8774285714285714
0.7882380952380953
0.9027863777089783
0.8557142857142858
0.8811428571428571
0.6834285714285714
0.8914285714285715
0.8842857142857142
0.9137142857142857
0.115
0.8925
0.8808333333333334
0.7451428571428571
0.8617142857142858
0.8892380952380953
0.6813333333333333
0.8436666666666667
0.7021904761904761
0.8867857142857143
0.8846428571428572
0.8728571428571429
0.8586666666666667
0.8570952380952381
0.7986666666666666
0.8485
0.7742857142857142
0.8433734939759037
0.8713809523809524
0.8759108444063438
0.819
0.3413333333333333
0.8757142857142857
0.7363095238095239
0.8888544891640867
0.8757142857142857
0.7327142857142858
0.8865714285714286
0.8631578947368421
0.8418019905709796
0.8932704672096013
0.8923809523809524
0.7538571428571429
0.83
0.9133333333333333
0.8634674922600619
0.8933571428571428
0.8157142857142857
0.7916666666666666
0.8932857142857142
0.8465714285714285
0.7877142857142857
0.8848333333333334
0.9096666666666666
0.7631578947368421
0.8741428571428571
0.8822857142857143
0.9012383900928792
0.8882142857142857
0.8493356193741963
0.8459926663174437
0.8645238095238095
0.9060952380952381
0.9052380952380953
0.9260952380952381
0.869
0.26935714285714285
0.8841666666666667
0.8796428571428572
0.5953333333333334
0.8882857142857142
0.5559365623660523
0.9053571428571429
0.8710714285714286
0.8528571428571429
0.8385714285714285
0.7640476190476191
0.8826625386996904
0.6057142857142858
0.906986712387484
0.8754285714285714
0.9011428571428571
0.5173374613003096
0.5432380952380952
0.8978328173374613
0.908952380952381
0.8483333333333334
0.8806258036862409
0.8370238095238095
0.8146666666666667
0.716
0.7848571428571428
0.8441592456783656
0.9078333333333334
0.8986666666666666
0.9036666666666666
0.10914285714285714
0.8242857142857143
0.6367207962283918
0.9152380952380952
0.8942857142857142
0.866904761904762
0.5225032147449635
0.8709815687955422
0.7348809523809524
0.6298571428571429
0.4015238095238095
0.8399057008144021
0.8696594427244582
0.5032142857142857
0.82
0.8922857142857142
0.8847564169722367
0.8985714285714286
0.8455952380952381
0.8931888544891641
0.5410952380952381
0.8519047619047619
0.88
0.8688095238095238
0.8314285714285714
0.894
0.7897142857142857
0.09716666666666667
0.8894127732533219
0.6863809523809524
0.8498571428571429
0.7925714285714286
0.9219047619047619
0.9080952380952381
0.8556666666666667
0.7012857142857143
0.906547619047619
0.8941666666666667
0.6308571428571429
0.8700952380952381
0.8921904761904762
0.8763809523809524
0.887
0.900952380952381
0.9067574646411733
0.9046439628482972
0.8628375482211744
0.89
0.749345206914615
0.8638030382399162
0.8981904761904762
0.5195238095238095
0.8628482972136223
0.9071428571428571
0.8332380952380952
0.6623333333333333
0.8417142857142857
0.9045
0.8645887899423782
0.8726190476190476
0.8194285714285714
0.7806666666666666
0.9084869267038148
0.885139318885449
0.652
0.8646666666666667
0.825047619047619
0.9025
0.8814285714285715
0.8864285714285715
0.2986666666666667
0.8123809523809524
0.8386666666666667
0.8843809523809524
0.848
0.9269349845201238
0.8067619047619048
0.9003571428571429
0.8213622291021672
0.887912558936991
0.8831428571428571
0.7934285714285715
0.49642857142857144
0.8923333333333333
0.8381904761904762
0.9252036005143592
0.8427142857142857
0.9104761904761904
0.8760952380952381
0.8847142857142857
0.8634285714285714
0.8495
0.8071153021860266
0.8391428571428572
0.8996904024767802
0.8733746130030959
0.8542857142857143
0.8853333333333333
0.8761666666666666
0.8111428571428572
0.9092879256965944
0.8907142857142857
0.215
0.8306666666666667
0.875
0.8855421686746988
0.9045238095238095
0.8933333333333333
0.2736190476190476
0.9179168452636091
0.5262857142857142
0.8804761904761905
0.8643809523809524
0.8728571428571429
0.8956666666666667
0.6135714285714285
0.8672380952380953
0.9049240440020954
0.9094047619047619
0.6768571428571428
0.188
0.9142857142857143
0.887912558936991
0.9096428571428572
0.8827689669952851
0.8538333333333333
0.8414285714285714
0.908
0.21003000428632662
0.8539285714285715
0.9012383900928792
0.851
0.8983333333333333
0.8989285714285714
0.8737857142857143
0.9097728246892414
0.8792857142857143
0.7838095238095238
0.8273809523809523
0.7905714285714286
0.821634363541121
0.8913043478260869
0.8807142857142857
0.9015
0.8157857142857143
0.7817857142857143
0.8569285714285715
0.8542648949849978
0.859350445259298
0.8732320586694604
0.8630476190476191
0.8942857142857142
0.6291428571428571
0.20733333333333334
0.9052380952380953
0.8543333333333333
0.8746249464209173
0.8574796399485641
0.906952380952381
0.9062857142857143
0.7759047619047619
0.7116666666666667
0.8933333333333333
0.8774285714285714
0.8850183342063908
0.19233333333333333
0.8716605552645365
0.8302776322682033
0.8831849135673128
0.8286666666666667
0.8770897832817337
0.8508333333333333
0.852764680668667
0.607124148768989
0.8980714285714285
0.823219814241486
0.9154761904761904
0.8656666666666667
0.8740178103719225
0.8786666666666667
0.7976190476190477
0.8901428571428571
0.9026666666666666
0.6723809523809524
0.9028287061288632
0.9057142857142857
0.9042857142857142
0.8378571428571429
0.8238095238095238
0.6653333333333333
0.8852380952380953
0.8643333333333333
0.9127815610267156
0.9078051335777895
0.7948992713244749
0.882
0.5038095238095238
0.8769523809523809
0.9251428571428572
0.8687306501547988
0.7978571428571428
0.8795238095238095
0.8674285714285714
0.8242606086583798
0.8068571428571428
0.8533333333333334
0.7405572755417956
0.8935
0.0966474594028287
0.8668571428571429
0.8792857142857143
0.8838333333333334
0.9003809523809524
0.8336825563122053
0.8486428571428571
0.859350445259298
0.8971428571428571
0.8971428571428571
0.8576190476190476
0.6233630172865374
0.8823809523809524
0.8390484354907844
0.9154798761609907
0.8755
0.8963809523809524
0.855
0.9226006191950464
0.8418345477925417
0.8873333333333333
0.8346428571428571
0.268
0.8533263488737559
0.8747142857142857
0.5325714285714286
0.7496666666666667
0.8928571428571429
0.8635714285714285
0.8435238095238096
0.8958422631804543
0.915773681954565
0.8279203771608172
0.8822857142857143
0.8727082242011525
0.8432380952380952
0.8659523809523809
0.20842857142857144
0.8407619047619047
0.8800419067574646
0.8759523809523809
0.820062860136197
0.9011904761904762
0.6546666666666666
0.8671428571428571
0.9107142857142857
0.8818571428571429
0.8789285714285714
0.8935714285714286
0.8713095238095238
0.6717142857142857
0.9191666666666667
0.7322857142857143
0.44642857142857145
0.8673809523809524
0.5659047619047619
0.8302380952380952
0.8383333333333334
0.5497642744892614
0.8996428571428572
0.7697142857142857
0.37523809523809526
0.9196666666666666
0.8346666666666667
0.09671428571428571
0.9111904761904762
0.7468571428571429
0.9114285714285715
0.8086687306501548
0.6086666666666667
0.9025667888947093
0.9134162023146164
0.6425203600514359
0.8728571428571429
0.8652380952380953
0.8141666666666667
0.9
0.8662538699690403
0.8203571428571429
0.8936616029334731
0.3963333333333333
0.881
0.848
0.913201885983712
0.8805714285714286
0.8014667365112624
0.895
0.8961904761904762
0.9063437633947706
0.8658333333333333
0.8752380952380953
0.8912857142857142
0.6950278611230176
0.12738095238095237
0.35059523809523807
0.8782857142857143
0.8736904761904762
0.8878571428571429
0.87
0.8786428571428572
0.91
0.8272445820433436
0.8415
0.8934847835405058
0.8744761904761905
0.6543809523809524
0.8335238095238096
0.9202743249035577
0.8486666666666667
0.8373333333333334
0.8835714285714286
0.8582857142857143
0.8857585139318885
0.8548571428571429
0.8702380952380953
0.8878095238095238
0.84
0.895
0.26914285714285713
0.8839285714285714
0.8656666666666667
0.9075
0.7760952380952381
0.8895238095238095
0.8972857142857142
0.8640952380952381
0.8957569408067051
0.4525929806181247
0.8653571428571428
0.8647663951993142
0.4895238095238095
0.8346666666666667
0.8683809523809524
0.877
0.9014285714285715
0.8990712074303405
0.8467857142857143
0.9087012430347192
0.8863777089783281
0.8817857142857143
0.8504761904761905
0.875

Federated Learning accuracies:
0.0
0.8503571428571428
0.29884756416972236
0.792
0.5691666666666667
0.6504643962848298
0.829
0.6522142857142857
0.8413333333333334
0.8378571428571429
0.5744285714285714
0.7424761904761905
0.8538501833420639
0.8403343334762109
0.7964285714285714
0.7364285714285714
0.704952380952381
0.5725
0.8095238095238095
0.5846428571428571
0.7331063383970665
0.7954285714285714
0.7509644234890699
0.7436532507739938
0.2226190476190476
0.806
0.7401904761904762
0.72
0.5888571428571429
0.865
0.7646666666666667
0.769609944277754
0.8510501500214316
0.8127291775798847
0.7236773179675222
0.858040859088528
0.14516666666666667
0.8237297014143531
0.8166666666666667
0.7736666666666666
0.6307142857142857
0.5544363480497214
0.7157142857142857
0.7625386996904024
0.24942857142857142
0.8590714285714286
0.8014285714285714
0.7176190476190476
0.8173374613003096
0.8517142857142858
0.7411428571428571
0.734
0.7063333333333334
0.7091428571428572
0.39366666666666666
0.7777142857142857
0.7062857142857143
0.4704761904761905
0.8145510835913312
0.8115238095238095
0.7754285714285715
0.7962857142857143
0.8214285714285714
0.7871428571428571
0.7974285714285714
0.7967857142857143
0.8022619047619047
0.7918333333333333
0.7617142857142857
0.828
0.8457142857142858
0.7626666666666667
0.84
0.704
0.5948571428571429
0.2982142857142857
0.8268571428571428
0.8216666666666667
0.698047619047619
0.614
0.8353333333333334
0.8114285714285714
0.7684651650078576
0.3773809523809524
0.7651093013287612
0.7262380952380952
0.7626666666666667
0.7928571428571428
0.8104761904761905
0.8541795665634675
0.7657142857142857
0.37157142857142855
0.7908571428571428
0.7739938080495357
0.6974855945521216
0.7646806686669524
0.8069047619047619
0.5915714285714285
0.8092857142857143
0.8642857142857143
0.7588235294117647
0.6662857142857143
0.756
0.8653333333333333
0.8755714285714286
0.8351428571428572
0.4389523809523809
0.793
0.8096666666666666
0.7959752321981424
0.7432857142857143
0.8772380952380953
0.8253869969040247
0.5353571428571429
0.7250321474496356
0.8321110529072813
0.785
0.7986666666666666
0.8554761904761905
0.5291428571428571
0.866
0.7116428571428571
0.6654761904761904
0.7792857142857142
0.6283333333333333
0.7751428571428571
0.7346763823403344
0.7407142857142858
0.7978571428571428
0.7752380952380953
0.44642857142857145
0.33035714285714285
0.8575851393188855
0.8360714285714286
0.652378911273039
0.6635238095238095
0.8075238095238095
0.8077399380804954
0.38366666666666666
0.8195046439628483
0.8761904761904762
0.7864285714285715
0.819759965709387
0.7780952380952381
0.7936666666666666
0.7717142857142857
0.722
0.8287061288632792
0.6183333333333333
0.8337142857142857
0.3343333333333333
0.8537142857142858
0.8021428571428572
0.8627553693033002
0.868452380952381
0.7405714285714285
0.7804761904761904
0.85533647663952
0.7325332190312902
0.8453571428571428
0.8687142857142857
0.6386666666666667
0.7822546078011144
0.8130030959752322
0.7122619047619048
0.8181428571428572
0.8461428571428572
0.8444211629125197
0.7671428571428571
0.8638095238095238
0.6575851393188854
0.5696666666666667
0.7326190476190476
0.8203333333333334
0.8073809523809524
0.7095238095238096
0.7836666666666666
0.7859047619047619
0.6643333333333333
0.8422631804543507
0.6475238095238095
0.6627142857142857
0.7802857142857142
0.7641904761904762
0.7878095238095238
0.7223333333333334
0.8228571428571428
0.8576190476190476
0.7704761904761904
0.7386666666666667
0.7980952380952381
0.7647619047619048
0.7287619047619047
0.815
0.7770238095238096
0.7307490832896805
0.7708978328173375
0.7520360051435919
0.8118095238095238
0.7592980618124673
0.6982713462545835
0.6655238095238095
0.7898095238095239
0.7578947368421053
0.6368571428571429
0.7937142857142857
0.715
0.5756428571428571
0.8041666666666667
0.7388685175484547
0.78
0.8468571428571429
0.6628571428571428
0.8180454350621518
0.7993808049535603
0.6928571428571428
0.818
0.6182857142857143
0.38366666666666666
0.7446428571428572
0.8057142857142857
0.7701666666666667
0.7845714285714286
0.7768571428571428
0.7441904761904762
0.5922857142857143
0.7634674922600619
0.7647619047619048
0.8064285714285714
0.7811145510835913
0.7168881268752679
0.8254285714285714
0.8099047619047619
0.6697142857142857
0.8543333333333333
0.8208571428571428
0.6960994427775397
0.793
0.8127619047619048
0.7681904761904762
0.5647142857142857
0.7504285714285714
0.8235714285714286
0.6648092584654951
0.74
0.8160990712074303
0.8309597523219814
0.8102380952380952
0.7456666666666667
0.8075
0.8571428571428571
0.6142414860681115
0.8511904761904762
0.7976666666666666
0.7626190476190476
0.7908333333333334
0.8124672603457308
0.6873809523809524
0.21123809523809522
0.2949047619047619
0.8609087012430348
0.8517142857142858
0.7076190476190476
0.668
0.8466666666666667
0.8315
0.7303571428571428
0.32761904761904764
0.8150864326872708
0.6457142857142857
0.6713809523809524
0.632
0.5297142857142857
0.8324046292327475
0.8475
0.7331761680240034
0.714
0.7804285714285715
0.8423333333333334
0.7786112301757394
0.7278571428571429
0.7297213622291022
0.7532142857142857
0.7223809523809523
0.71
0.5512142857142858
0.8534076296613802
0.6672857142857143
0.4057142857142857
0.7926190476190477
0.6554285714285715
0.7344159245678366
0.7967522262964903
0.5782142857142857
0.833
0.8182857142857143
0.7501190476190476
0.6770714285714285
0.7503214744963567
0.6314824515453117
0.7202723939235202
0.7293333333333333
0.812
0.819
0.7613333333333333
0.4791666666666667
0.7356666666666667
0.5405057865409344
0.852764680668667
0.7164761904761905
0.6564285714285715
0.7882857142857143
0.57
0.7907142857142857
0.7757142857142857
0.7066526977475118
0.8036666666666666
0.4185437401781037
0.7794656888423258
0.8601361969617601
0.571
0.8674922600619195
0.8035
0.7066009429918559
0.7234154007333683
0.7002857142857143
0.8226006191950465
0.7854761904761904
0.6795
0.7949188056574122
0.681
0.8393333333333334
0.8082857142857143
0.83
0.614
0.8124672603457308
0.8457142857142858
0.7853571428571429
0.7191428571428572
0.4992857142857143
0.759
0.8171428571428572
0.8508333333333333
0.711629125196438
0.8486118386589837
0.7580368624089155
0.71
0.8186666666666667
0.5233809523809524
0.2123809523809524
0.6012383900928793
0.15578571428571428
0.8833333333333333
0.7979047619047619
0.7983283326189455
0.794
0.8440952380952381
0.6126934984520124
0.8096428571428571
0.6817705605028811
0.8394285714285714
0.8492857142857143
0.7851666666666667
0.8064761904761905
0.8069669984284966
0.41164285714285714
0.7022001047668937
0.8321904761904761
0.8143809523809524
0.5876190476190476
0.7794656888423258
0.7398095238095238
0.5368624089155594
0.8204334365325078
0.6923333333333334
0.7104761904761905
0.8663095238095239
0.8325077399380805
0.8669095585083584
0.7828571428571428
0.6322619047619048
0.795
0.78365636458879
0.7573333333333333
0.2449047619047619
0.6766666666666666
0.7604761904761905
0.39471428571428574
0.5862857142857143
0.5426489498499786
0.867766823831976
0.5835515976951283
0.5895714285714285
0.37794656888423256
0.7249523809523809
0.7838571428571428
0.7628571428571429
0.5146666666666667
0.6445783132530121
0.5919047619047619
0.6691985332634888
0.7892857142857143
0.7939047619047619
0.8525
0.7351190476190477
0.6757142857142857
0.7033333333333334
0.795
0.64
0.8601428571428571
0.7954761904761904
0.5797142857142857
0.7854285714285715
0.724047619047619
0.708
0.7376190476190476
0.7278333333333333
0.8179675222629649
0.8660714285714286
0.807047619047619
0.57
0.7841666666666667
0.386
0.7031428571428572
0.8380952380952381
0.6841428571428572
0.7935238095238095
0.7551083591331269
0.7703333333333333
0.7307490832896805
0.7513930561508787
0.6624517788255465
0.7934523809523809
0.7557142857142857
0.5163095238095238
0.6956656346749226
0.7814241486068112
0.7875
0.8263488737558932
0.43057142857142855
0.6783333333333333
0.7874285714285715
0.8133304757822546
0.7921904761904762
0.860398114195914
0.752
0.49404761904761907
0.8131161594513502
0.7645238095238095
0.3438095238095238
0.811
0.7835405057865409
0.7655952380952381
0.7985714285714286
0.7777142857142857
0.893095238095238
0.6734285714285714
0.44976190476190475
0.8151428571428572
0.638
0.7151702786377709
0.7861666666666667
0.8180454350621518
0.4990476190476191
0.48438095238095236
0.6261428571428571
0.8272610372910416
0.6864761904761905
0.8539047619047619
0.8095238095238095
0.71
0.5346749226006192
0.775
0.13352380952380952
0.6255238095238095
0.7406666666666667
0.795
0.7842857142857143
0.8060714285714285
0.8795
0.6113095238095239
0.46095238095238095
0.7014285714285714
0.8157142857142857
0.6843809523809524
0.6849135673127292
0.7422734415924568
0.8453571428571428
0.7736819545649378
0.775952380952381
0.6779047619047619
0.8902857142857142
0.8022857142857143
0.650952380952381
0.7359133126934985
0.8251190476190476
0.7571795970852979
0.7421052631578947
0.5352857142857143
0.7219047619047619
0.8445238095238096

This run took 247.62420868755166 hours
