Centralized Learning accuracies:
0.7356666666666667
0.9168571428571428
0.904414916416631
0.8546935276468067
0.8923809523809524
0.8475
0.6621428571428571
0.8682857142857143
0.8984140591513073
0.6357142857142857
0.893923520167627
0.28546935276468066
0.8670476190476191
0.9003571428571429
0.8603715170278637
0.8782857142857143
0.883
0.861547619047619
0.7953560371517028
0.9022857142857142

Federated Learning accuracies:
0.834
0.7948571428571428
0.7831118731247321
0.8609087012430348
0.7368571428571429
0.7210714285714286
0.7912142857142858
0.8248571428571428
0.8051864552078868
0.7281428571428571
0.8061812467260345
0.7121731675953707
0.7979047619047619
0.8459523809523809
0.8034055727554179
0.7874285714285715
0.7878333333333334
0.535952380952381
0.8990712074303405
0.7128571428571429
