Centralized Learning accuracies:
0.0
0.8729523809523809
0.8438095238095238
0.9078571428571428
0.8419047619047619
0.8522142857142857
0.7487619047619047
0.8960565795113588
0.9042857142857142
0.872
0.8855550792970425
0.7025714285714286
0.4817142857142857
0.7110714285714286
0.2750130958617077
0.5145735105015002
0.8990476190476191
0.5765238095238095
0.7165
0.9083333333333333
0.8871428571428571
0.8652857142857143
0.9203333333333333
0.8478571428571429
0.8751428571428571
0.904
0.8792569659442725
0.8981141959140911
0.7558095238095238
0.87
0.9111666666666667

Federated Learning accuracies:
0.0
0.8116190476190476
0.6973809523809524
0.7757142857142857
0.7753333333333333
0.7655714285714286
0.6546190476190477
0.6885983711958851
0.858
0.8581666666666666
0.8266180882983283
0.8362857142857143
0.8788571428571429
0.8
0.8499214248297537
0.6918131161594514
0.7511904761904762
0.416
0.7433333333333333
0.8121666666666667
0.7945714285714286
0.7482857142857143
0.8106666666666666
0.6411428571428571
0.816
0.6013333333333334
0.865015479876161
0.822420115243583
0.5617142857142857
0.7845714285714286
0.8528333333333333
