Run started at 17:47:13

Centralized Learning accuracies:
0.0
0.8936666666666667
0.8778095238095238
0.9063333333333333
0.8432380952380952
0.9072010287183884
0.9143333333333333
0.714047619047619
0.8068571428571428
0.8782683240462923
0.2079622839182818
0.8678571428571429
0.9089155593656236
0.8515
0.8786377708978328
0.8588571428571429
0.8464285714285714
0.8475714285714285
0.8605
0.179
0.855
0.8720952380952381
0.8756965280754393
0.8253012048192772
0.9176190476190477
0.8966666666666666
0.8596228032576082
0.814047619047619
0.8428571428571429
0.8775714285714286
0.8864123446206601
0.7645364064955474
0.8921428571428571
0.8986428571428572
0.8657142857142858
0.8945714285714286
0.925632233176168
0.8798571428571429
0.8725714285714286
0.8876666666666667
0.83
0.9294285714285714
0.8756965280754393
0.7810952380952381
0.7846666666666666
0.7566788894709272
0.6258036862408916
0.8524285714285714
0.8857142857142857
0.9015714285714286
0.892352016762703
0.8933333333333333
0.7720476190476191
0.8273333333333334
0.886
0.9037142857142857
0.8948571428571429
0.8945238095238095
0.9126666666666666
0.7743333333333333
0.63
0.8764285714285714
0.8917702528932705
0.8167595370767252
0.8758095238095238
0.882
0.833952380952381
0.8537619047619047
0.9011904761904762
0.8538095238095238
0.8671428571428571
0.41283333333333333
0.8839706652697747
0.864
0.8417142857142857
0.8857142857142857
0.8645714285714285
0.8858333333333334
0.860061919504644
0.8671826625386997
0.8886904761904761
0.8923809523809524
0.8739047619047619
0.8826666666666667
0.9191950464396285
0.43993808049535604
0.9138095238095238
0.8689285714285714
0.9016288041148736
0.8657142857142858
0.8602857142857143
0.8925
0.9115714285714286
0.8638571428571429
0.866
0.10366666666666667
0.8386996904024768
0.7663333333333333
0.8541428571428571
0.7097142857142857
0.9095238095238095

Federated Learning accuracies:
0.0
0.873
0.739904761904762
0.7803333333333333
0.4561904761904762
0.7921131590227175
0.6786666666666666
0.6888095238095238
0.6871428571428572
0.7156022288898414
0.7464641173389209
0.7632142857142857
0.8707672524646378
0.7786666666666666
0.8343653250773994
0.8546666666666667
0.7676190476190476
0.5251428571428571
0.7761428571428571
0.8665
0.8364285714285714
0.7997142857142857
0.7653236176596656
0.3852802514405448
0.8228571428571428
0.7226666666666667
0.8478354050578654
0.6488095238095238
0.7651428571428571
0.779
0.845049292756108
0.8061812467260345
0.44166666666666665
0.7930714285714285
0.8445714285714285
0.7968571428571428
0.5773681954564938
0.7971428571428572
0.7125714285714285
0.14183333333333334
0.8032142857142858
0.8162857142857143
0.7372481783111873
0.33895238095238095
0.4901904761904762
0.8334206390780513
0.7438919845692242
0.772
0.695
0.779
0.7252488213724463
0.8493333333333334
0.7764285714285715
0.7963333333333333
0.8323333333333334
0.7119285714285715
0.7634285714285715
0.8057142857142857
0.7195
0.8403333333333334
0.8808333333333334
0.7717857142857143
0.5557222460351479
0.8491213030432919
0.7196190476190476
0.795
0.623
0.7128571428571429
0.498452380952381
0.8005952380952381
0.49552380952380953
0.6066666666666667
0.3391828182294395
0.7752380952380953
0.8175238095238095
0.83
0.7614285714285715
0.7856666666666666
0.7752321981424148
0.7678018575851393
0.7825
0.8052380952380952
0.8737142857142857
0.7916666666666666
0.7996904024767801
0.6213622291021672
0.8076190476190476
0.7085714285714285
0.8454779254179169
0.8790476190476191
0.844
0.7613333333333333
0.8378571428571429
0.8852857142857142
0.8144285714285714
0.6263809523809524
0.7520123839009288
0.766
0.7721428571428571
0.8177142857142857
0.7583333333333333
